1.000000000 0.000000002 0.000000010 -0.000000348 -0.000000002 1.000000000 0.000000001 -0.000000042 -0.000000010 -0.000000001 1.000000000 -0.000000499
0.999060094 -0.002221584 0.043289386 -0.047520213 0.002351061 0.999992907 -0.002940285 -0.038579430 -0.043282546 0.003039298 0.999058247 0.882394314
0.995865405 -0.008970883 0.090397030 -0.132892743 0.009910837 0.999901354 -0.009954559 0.038994789 -0.090298809 0.010809311 0.995856047 2.076160669
0.990207493 -0.010830698 0.139182597 -0.353870690 0.013033731 0.999803662 -0.014926630 0.044703569 -0.138993591 0.016594529 0.990154207 3.256915808
0.982770324 -0.009440609 0.184589610 -0.017244935 0.013028968 0.999748826 -0.018236374 0.028391041 -0.184371084 0.020327179 0.982646465 4.477186203
0.972440660 -0.012610534 0.232809246 0.126577616 0.017459085 0.999671221 -0.018777331 0.008465767 -0.232495919 0.022324476 0.972341120 5.819108009
0.960116625 -0.014374645 0.279230088 0.469009876 0.020924674 0.999571025 -0.020490799 -0.037330985 -0.278815746 0.025516355 0.960005581 7.153643131
0.946478426 -0.016392371 0.322350591 0.863012314 0.024801616 0.999450326 -0.021997271 -0.106989428 -0.321812838 0.028814757 0.946364760 8.091053009
0.931050122 -0.017611498 0.364466071 1.205065012 0.027885869 0.999347687 -0.022946252 -0.155918077 -0.363824219 0.031527564 0.930933893 8.979952812
0.913513541 -0.017545840 0.406429827 1.653453112 0.029360181 0.999307692 -0.022850757 -0.210747600 -0.405747503 0.032807328 0.913396239 9.901573181
